accuracy = 0.9264565425023877
auprc = 0.617186962474668
auroc = 0.9004508028267989
eval_loss = 0.6816825611900738
f1 = 0.5989583333333334
fn = 84
fp = 70
mcc = 0.5589842213445365
tn = 1825
tp = 115
